1090175
1007936
900428
1003951
1023342
1010522
1386078
1003900
1009676
946014
951956
993341
949480
942500
1013415
898076
1032574
1072864
907294
1069966
931218
866923
1008697
957939
984013
979006
899738
990182
987759
992179
990733
998697
914983
936889
995690
969126
900302
891152
994129
915664
973683
1191566
983905
976972
967616
998047
972760
969083
969427
938975
942195
984406
991314
1162705
983128
945551
961183
901215
979193
1079474
1000762
1022800
993187
974979
995804
977506
955356
972998
989616
942657
965823
974526
973197
976492
1062653
1019632
959738
810582
796217
797110
980829
980733
975480
990847
1264302
981017
614680
934458
969049
1003324
995932
1007981
992128
631674
795062
876483
964739
880084
989098
940420
