57751
61195
61455
62370
63063
62967
62093
62658
66104
58412
60269
57851
73776
61308
52551
57269
57810
57603
54156
63933
57659
58217
58922
60483
67412
54999
56220
63707
59458
53110
61052
60411
62816
62042
62228
62042
68592
65705
54193
54460
62501
63197
59885
59228
62012
57908
62333
62167
61765
61918
58716
62955
58544
53676
60253
63278
62719
59267
55549
53850
59154
57100
68085
62410
62171
56707
54333
57927
61701
64432
63591
61821
58474
63190
50393
60239
61880
56021
93732
61873
53532
55424
62308
66702
63315
65155
60590
62444
54436
67121
62619
62201
58377
63433
57307
60271
62186
64060
62178
63557
