1272812
1547600
1534887
1637292
1598283
1377911
1675397
1636919
1504806
1512325
1554784
1530277
1529157
1385540
1541542
1398797
1316796
1176657
1201576
1572031
1565682
1018894
1638102
1140787
1418901
1536813
1465605
1479944
1398660
963471
1426345
1633381
1244140
1910953
1559440
1557280
1437465
1528986
1542623
1534653
1484535
1521052
1473609
1508473
1856168
1500685
1492509
1516507
1587861
1571722
1556072
1650392
1571553
1516171
1438949
1591325
1527341
1492247
1748834
1543134
1446583
1584285
1237680
1609654
1543034
1582337
1745931
1832153
1942569
1764721
1493145
1449801
1426486
1422807
1405935
1402379
1531692
1556884
1241353
1573677
1262223
1746329
1644307
1556244
1655380
1673686
1850254
1509553
1992525
1672420
1870252
1345539
1453877
986264
986323
1101454
1548782
1124730
963870
1590021
