2080654
1905807
1914545
2283395
2226740
1887687
2191235
2186649
2736554
2250958
2256164
1778301
1385694
1671179
1406037
1382383
1411548
1411075
1838934
1491483
1599748
1901011
1805052
1378292
1908298
2333358
1734751
1832501
1587490
2056123
1570339
2222831
1434958
1784845
2072576
1684552
1919147
1517817
1414540
1379092
1380717
2148396
2177941
2381127
2295189
2237843
2303415
2159665
2251685
1696664
1393539
2069179
1738540
2177305
2184825
1784499
1920349
1458695
2077432
1547776
1873736
1807636
1776429
2083715
2214677
1380400
1868245
2209095
2101058
2039713
1985177
1379567
2083155
2049238
2293482
2169668
1380003
1872825
2153696
2185152
2081887
2000617
2047948
2043803
2210817
2244718
1835390
1776539
2110892
2054505
1952474
1549938
2176017
2584029
2061008
1777416
1431529
2124028
2109524
2221438
