3014320
2993182
2953325
2939954
2784817
2997720
3019984
3046843
2721372
3049480
2890335
2924824
2860979
2982468
2783460
2965586
2671303
2892639
2787655
2745938
2878418
2893607
2965692
2953456
2786125
2824095
3015382
2898335
3439796
2798935
2998105
3130706
3050722
2852226
2952300
2758405
2968404
2959983
2915601
3022506
3015903
2991855
2763195
3396600
2761418
2836485
2813672
3058890
2859731
2982382
2889957
2876537
3039062
3137788
2902966
2765962
2876567
2877776
2907292
2814826
2921997
3118312
2880324
3046570
2807226
3022248
2856516
2991663
2885526
2796636
2746292
3004171
2920141
2883489
2894245
2902511
3032184
2807726
2994619
3394510
2851204
3319647
2949281
2766779
2812848
2893051
3250693
2926878
2805121
2963643
3094921
2894242
2894812
3024889
3179035
2949018
3902330
2942953
4162510
3266058
