550507
549316
553066
538675
549910
534907
593382
571527
557625
553227
549583
536516
547095
561524
549609
612622
549267
566865
553598
559007
548047
635660
537241
579376
546032
559552
547650
551305
536184
562504
576548
533664
541370
551017
551129
572375
561012
545500
551736
513145
518404
522958
543205
540955
533171
516581
506387
619517
508351
516720
507238
521489
506317
506958
539666
561423
511781
508204
523838
551814
503216
540809
491488
490754
516423
574685
539264
545939
535811
548741
534154
533982
578299
571227
532954
493600
505086
495715
527025
561166
542577
589027
567397
600408
492685
531034
594118
542361
543347
563925
503399
522602
530339
529021
524123
495870
569440
533004
558124
523047
