3769616
3873226
3731849
5356176
3882844
4254630
3829619
4102408
3871293
3983742
4057140
4315947
4074294
3814383
4162582
4261838
4387457
4012780
3700401
4306566
3715513
3782872
14481933
4307168
4058935
4332220
4006914
3819853
3974655
3916378
3996178
4019672
3834627
4001661
4077827
3730380
4038822
3900700
4019926
3887483
3922087
3900602
4825374
3942163
4116526
4169499
3922530
4096746
4235573
3944216
3160612
4139053
4085620
3936327
3119926
2487767
3985569
3229876
3286135
3457025
3419553
3077032
3859158
3710777
3968465
3693009
3630863
3496941
2490396
3795877
4254099
3911443
3883693
3960014
4278973
4023672
3570634
3860052
3681658
3953407
3809969
3747806
2603190
3755961
3757006
3852933
4623779
2860155
3202954
3752007
4123246
4096692
4157679
4115447
3998051
4028917
3986558
3968228
3983467
3929744
