3539170
5015481
5191766
4767044
6010607
5452853
5056797
4246621
4753149
4525603
3714873
4917947
4541184
3211115
5002352
4662017
3620682
4792652
3787464
4268104
4597243
4143430
3406293
5008365
4596377
3528740
4258958
4374670
4363807
5043208
5150173
4064606
4067295
3679067
4660762
3428330
4411183
4373207
4750675
4843050
4757794
4779450
5251788
4783664
4968071
4695013
5477857
4825372
5110503
4921401
4919041
5228407
5176960
4959016
5152132
3860273
4873306
3945277
4720811
4828290
4268526
5212684
5770279
5078732
5325415
5337957
5208596
5282144
4829554
4886155
4893310
4827998
4934570
5000574
4997208
3617392
4468210
4763117
4491312
4884743
3980854
4945466
4779811
4979121
4848360
4251370
4984044
4911425
4606544
4529197
4536764
3703243
4662782
3839000
3482983
4809106
4237135
4221526
4463053
4655067
