184569
244835
260439
260521
275342
208366
248823
231585
229327
261614
265758
257844
257045
255234
243652
248274
248872
246485
230433
234527
238623
242634
227041
225394
267810
226704
236771
248560
246769
252110
248034
246122
235183
245841
249923
229516
221444
249379
240580
253106
257914
245086
304291
246408
245723
244831
259585
243783
293739
243699
218603
155382
200395
235253
197665
236584
233563
331989
200012
205184
259435
256350
256467
258011
255499
255473
280369
257165
257190
253964
256392
255692
229917
243979
241212
239691
239058
245157
218832
245224
236720
220551
246093
246394
227337
242700
233912
215912
244094
242158
237586
245462
236924
322686
231246
245776
245000
229256
217152
229180
