34586
34531
39457
34473
39364
39278
39017
34393
39178
40111
39555
39199
39326
34559
34463
39637
39402
39630
34451
39304
39470
39387
39277
34811
38930
39043
39585
34672
38982
39584
39386
40972
39375
39021
39221
39823
39575
38797
34692
39213
40922
39760
39733
39227
39043
39317
39254
34352
34660
39161
39223
42424
43020
41542
39657
39787
39500
39571
34678
39573
34617
34342
39911
35835
39489
39763
39429
39553
40180
39796
39219
34345
34601
39067
39420
40709
39312
39500
39046
39392
39333
39012
39602
39542
39540
39504
39501
39876
39408
34428
39433
35067
41245
39308
39282
34590
34287
39596
39476
39302
