16667
14681
10903
9741
9657
11000
11266
13288
9853
10766
12448
11923
10754
13062
10876
11231
11032
10683
10534
10648
9787
10757
10786
11788
11262
10713
10742
13564
10597
11841
10851
9567
10506
10847
10757
10899
10846
10713
11018
11418
11597
11967
10800
10771
10679
11934
10746
10720
10555
10556
10651
10693
9511
9589
9699
9382
10808
10332
10686
12718
10912
9643
9664
10649
10797
10444
10779
10768
10745
10818
10662
10872
10624
10743
10901
13492
10766
10733
11995
10518
10743
10565
10664
10695
10651
10714
10749
10946
10596
9680
10360
10806
10710
10691
10635
10925
11030
10659
10851
10602
