113447
113670
130629
134798
112531
134365
145659
143662
160539
112722
134973
113257
134561
139216
134068
112995
134526
198091
134655
135293
135246
141033
134467
135637
134456
113157
135185
134497
134857
130724
134266
135377
134722
134198
134954
135330
134904
134847
136775
135212
134995
113761
112987
114138
134536
135243
134469
112781
137476
134668
155222
134940
135069
134819
134572
137286
134743
135080
112965
112810
113028
134906
135204
135210
112674
135505
134538
113494
112174
113558
134289
136252
134565
144571
138005
158552
135671
134222
112703
113077
134631
134670
113067
134278
114004
112894
135338
134783
117447
134315
113078
113081
134409
135214
134568
113327
112745
134391
134389
176141
