22145
26520
28527
26676
27989
22506
22524
26477
26485
26677
26654
26728
26985
26467
39571
26687
22207
26887
22077
26520
22185
27573
26649
26402
22019
22270
26523
26808
26637
39175
26593
26816
26478
26534
26902
26700
26529
26372
26668
22432
26404
26363
26601
26419
26336
22324
26680
26384
26669
22166
21984
26713
26798
26906
22264
22027
26503
26809
26718
22132
26649
26410
27177
26480
26435
22868
26577
27006
26599
27094
22562
22406
26370
30197
22200
27002
22560
26471
26501
26647
26517
26695
26794
27143
26768
28986
28498
27390
22198
22367
26459
26325
26701
26490
22108
26547
26902
26368
30982
26464
