121429
122270
141396
142257
144849
141614
120701
141554
141737
121306
141031
141509
141477
152644
149917
132854
121276
141185
141115
142324
121070
121201
141907
141558
141223
140992
141760
141335
148053
148537
143091
148041
145738
141263
141189
145752
142061
141686
140885
142305
120620
141348
141338
148593
141503
147012
140264
167081
121056
140801
141892
141224
120326
121574
140837
141444
141195
121020
140993
141378
141706
141621
149589
203428
141640
142300
141803
141951
140893
120796
161117
141302
121153
121937
141273
147017
141412
153994
150845
141088
122184
140937
125493
121218
140944
141836
166259
141189
121875
141559
141268
121934
141556
141490
121121
149109
152585
145808
157164
126188
