89151
100061
101942
91693
89758
88709
99735
175954
100506
101985
102193
100230
89268
100524
100977
88645
100394
89450
98829
99794
100215
88547
100160
100806
88974
89465
88656
100542
101721
99733
89563
88155
100245
88876
112095
100110
100661
89238
89186
99946
100277
100236
88240
88940
89064
99781
89665
94935
100320
100458
100580
102443
101995
100326
119838
102432
100810
100316
101063
88149
100555
101678
88718
89302
100392
98681
101920
99287
88677
100681
99732
89935
100073
101093
89682
99843
89024
89034
100846
100708
100145
88346
100477
100462
99988
88798
99265
102654
100587
110343
106892
108292
100668
101622
110027
100794
119808
99818
104935
101758
