56844
48303
48335
52368
56621
60275
60309
61261
57907
48452
56914
56529
56679
48634
58500
56587
56989
56849
56832
56892
48583
56326
56461
57236
82683
56172
56266
57530
48909
48356
48442
48983
56656
56482
56523
56733
56717
56811
72300
48723
56572
56904
56874
56306
56789
56735
57000
56860
48666
56483
56250
56775
56281
58277
56099
56910
56588
56824
49026
57384
56765
56689
69127
48073
48459
57940
56769
48601
48770
56894
56569
57245
56688
48344
57420
48018
48126
50701
57013
56487
56364
48904
56606
56611
57178
56534
57335
56499
56536
56952
61213
57730
60746
56255
59625
57339
56330
56694
56293
56937
