74026
73541
73359
83579
73484
73974
73759
83914
84482
73372
73494
84012
84590
83703
83728
83947
84407
83015
73375
93225
84764
84135
83399
83069
83956
83585
82931
73725
83370
83454
83836
83608
75156
83367
83969
84475
73545
84138
83838
84088
73872
73640
73901
83635
84504
83417
83901
83624
83285
73917
73540
72991
83617
83752
79321
83662
83481
84063
83618
74322
83774
82844
84259
103962
83535
83333
83704
73207
83378
83980
84039
84135
84333
84160
83437
83832
83300
78614
73884
83456
83832
84009
83890
84236
83498
73393
73368
73806
83543
83838
129416
87909
90801
84604
74093
83414
84577
83550
74376
83940
