63491
63607
63096
62722
74023
63636
73849
74008
73982
74394
65981
73685
73693
73725
73707
78452
74944
74351
64129
73838
73697
73696
63442
63338
73930
74008
73868
74421
73550
73857
73919
74989
73683
73286
74070
77881
67438
73957
73803
73741
88818
69103
73865
73932
63866
62808
63815
73374
73520
73507
74111
73719
86986
74181
74319
73473
72178
74186
74349
74441
73618
74364
74000
63697
75955
73881
74132
74507
67302
74129
73638
85040
73646
74366
73621
74109
73949
74001
73588
73288
74013
63967
63021
74244
73676
73512
74962
73657
73970
74377
63077
63528
73928
74063
74082
70725
73917
75358
63477
74106
