608977
748638
735298
727745
731674
729377
626890
636783
607846
631221
736836
909423
762738
783678
709797
763460
780093
767609
771463
773277
745339
709442
769915
799499
836816
770265
747060
773907
769763
794435
790976
795663
736865
721534
722898
732174
767283
712612
780770
734949
745835
675756
776632
849211
746636
742550
731419
776092
790500
773439
793803
764071
767433
741850
733060
719367
761863
710610
731569
750821
771436
747740
725797
766281
780061
742442
740020
778275
774973
762322
749520
759792
745062
798257
753661
689072
729057
752661
693471
756426
736044
872009
760877
727549
783326
776955
767396
739087
770600
774020
820177
775954
791761
725683
708125
716007
756867
786802
749447
742026
