1074492
1061876
1010400
990962
1057332
1039359
1031406
1038429
1048193
1048614
1042293
961043
1051307
1019120
975977
990994
976764
985795
980367
1039386
1002776
1002659
1070280
986771
1011600
1082912
1036036
1061302
994375
1040552
1058939
1008137
1048529
995381
1012139
1024997
853815
1008676
1082101
1043940
1059603
1116547
1044086
975068
1001660
813495
1010601
1040462
1115024
977051
1036796
953405
987802
1118170
992598
1101601
1129995
1011539
1003153
1005450
1021827
997622
1038916
1024492
977944
1007530
1042035
1003034
1032212
1004773
1001138
1084059
992743
1023730
1056850
1015138
1061631
1011562
1067089
983509
977152
1016334
1052409
1089290
1061982
1008263
976803
1147741
1027631
1020179
1026117
1001605
1045832
1026750
1029928
1046105
1042562
1074668
987352
1035514
