212398
196643
209312
205795
208355
261578
200374
207546
218900
196012
194396
176426
164406
164487
164777
164258
164539
192460
197667
216314
205870
207500
196687
220185
197215
205577
202580
192812
184256
229831
193467
196316
197753
194968
210473
192577
192638
205210
188582
188196
192715
193280
202253
208819
213274
198357
191519
189592
188059
185323
202664
195894
189457
200978
203798
200958
188788
191103
205837
192809
209448
188885
205799
187072
183465
191173
219142
206008
199806
209751
193282
190644
189849
164524
185840
195786
191920
283925
189584
181348
210143
181297
212017
214009
225702
192714
211153
186613
197413
198972
206813
196898
207365
208682
192281
206092
206174
183306
245718
201413
