1666424
1671808
1641571
1567396
1608753
1633299
1663097
1722898
1667614
1585562
1610805
1645748
1698142
1726112
1556318
1490595
1477350
1711752
2193532
1714307
1745302
1733500
1689184
1593356
1880482
1674180
1662743
1638654
1647702
1609916
1624253
1624221
1677850
1370449
1749170
1586964
2102986
1682873
1800949
1756465
1600449
1675987
1605841
1488050
1579870
1829557
1694372
1616619
1562699
1543277
1640010
1633714
1381977
1711001
1561840
1655711
1619060
1754549
1726771
1753081
1695181
1697860
1720214
1775281
1693742
1617844
1688766
1676853
1726263
1710042
1666979
1563555
1586346
1344997
1339322
1677392
1553780
1378021
1468792
1750123
1403330
1424331
1512848
1516527
1681708
1593626
1539266
1790109
1655488
1338193
1657216
1330210
1702162
1756476
1437725
1365317
1666979
1709759
1695277
1701876
