340817
355193
448192
409874
377960
342134
338909
341659
362307
345023
349703
340957
356578
488910
337616
442993
342686
381917
398163
355554
350993
340611
343948
358234
283426
351741
336680
356411
345950
349599
352456
532704
420402
354616
350743
354744
352626
351346
339423
326512
352787
333683
334079
314559
342180
324410
350072
353754
353683
631197
356377
525457
364475
335211
362628
362010
352743
356140
358332
351787
353977
353760
371183
387076
353910
355502
353049
361728
354343
338474
357901
331979
310502
319738
334700
360146
360969
354163
350364
382808
354570
445617
352721
377887
373289
357944
412642
348733
348427
361322
331691
336528
350606
340455
356331
356153
383474
338530
336306
361268
