48879
34345
32699
31541
35691
26305
29279
29300
28320
28951
28709
26155
28881
27124
28141
25507
25990
26802
26932
26257
25777
26523
27420
26494
26480
26476
25467
25397
26878
27179
27687
27971
30015
24732
26216
26858
26960
26257
27366
26543
25562
24382
27179
25231
29744
27887
26608
28736
28183
26905
24722
27907
28648
28615
28066
26525
27461
26550
25469
26835
29271
25316
27643
27560
26564
25592
26468
26047
28514
28167
28461
28093
26993
27692
27843
28275
25630
24033
23821
27134
26921
22782
27383
28376
28390
28129
28272
27608
22868
24949
25723
28458
29159
25125
28356
28126
22638
27205
22534
28126
