1402478
1294894
1334012
1314265
1294416
1357204
1310474
1243077
1339342
1251286
1343474
1329402
1321212
1313607
1290664
1288903
1292980
1233564
1331951
1297652
1337171
1317013
1554341
1343352
1279023
1316826
1400204
1336736
1299679
1321916
1303378
1271443
1375564
1322929
1258519
1326438
1283925
1307469
1268743
1310227
1408349
1319170
1350598
1304749
1311792
1291925
1356463
1255733
1292354
1260466
1254917
1269219
1251455
1259324
1295154
1254618
1300105
1320380
1200924
1297743
1300464
1340088
1345259
1701133
1387519
1252017
1250168
1294231
1365660
1305853
1346114
1345763
1318585
1218337
1322970
1261239
1309153
1339264
1379105
1302992
1350345
1315595
1252585
1294771
1286520
1318167
1292423
1345959
1289792
1335969
1344711
1368335
1306808
1325537
1293401
1312951
1811331
1345160
1305157
1261138
