77447
77364
77282
77178
77350
93177
94690
98021
97750
93330
85294
154532
94747
88005
90888
88708
78106
77855
110212
97015
93383
93677
93063
88977
97134
95633
97835
96948
78647
84283
288698
91883
95458
96973
180009
183246
98445
97567
98712
98558
90540
96846
97387
96530
111685
98467
97673
97327
97623
97035
97146
97852
96349
95131
91439
98531
97229
91897
86940
97696
91447
96142
82352
78264
94396
98523
98395
97659
97649
96699
97404
110839
78248
77849
77834
77528
86862
76960
77734
81446
95637
89749
91227
96513
118784
90236
90210
96268
92625
78230
93178
77915
94996
97101
77773
94645
96946
96422
102321
89291
