556843
541862
542662
580681
539381
547677
544768
543115
523608
599501
564488
619071
548068
550089
597749
600185
562357
590635
561327
558718
537451
525266
513799
561476
562838
606778
530177
559987
570797
571290
621061
577170
563182
546705
603119
522549
534598
575238
775435
534418
544039
529584
547715
547637
544369
564815
502888
428031
482034
617543
538564
523459
524641
515004
526604
527042
571173
428318
533418
544995
503319
503827
495232
527063
483225
528458
544650
552498
527667
517200
526834
523821
524440
518420
495585
533456
639351
587857
513068
550990
516095
533341
505182
546383
545831
545171
484899
547752
509588
442791
553996
522557
533226
434930
515937
513181
513441
519839
548641
567025
