25816
25637
25363
25586
25740
25175
25089
26025
25502
25933
25276
25472
25707
26218
25341
25638
25619
25506
25969
25487
25749
25564
25649
25024
35119
25761
25721
25082
25407
25336
25960
26282
27115
25307
25637
25961
26335
25675
25654
25390
26518
25085
25624
25616
25163
25764
25349
25602
25003
26195
25822
25680
25927
26352
25973
28982
26268
25654
26144
25729
25721
25605
25993
26157
25378
25263
25657
25916
25271
25818
25187
26424
26249
25876
25372
25634
25690
26234
25491
26137
25737
25515
26321
25581
25596
25620
25863
26789
25582
33855
35550
33641
32676
25996
25475
28193
26368
24979
24976
34735
25054
26964
26164
26330
25151
25296
26681
25634
26234
25210
25295
25757
26713
25808
25485
36311
36131
26807
27569
26432
25579
25538
26736
25245
25664
25940
25631
25424
25787
25239
26451
25344
25946
34140
25693
41088
25620
25652
25465
25376
25953
25358
25857
25462
24932
25879
26338
25522
25333
25530
