22792
22224
22710
22563
22289
22367
21842
21730
21796
23009
22220
22195
22361
22793
23079
23415
22542
22562
21957
22552
21792
22161
22638
22209
22053
21800
22395
22427
22018
22526
21765
21982
22247
22354
22303
22462
21816
22422
21650
22004
22493
22006
23108
21749
22652
21894
22146
21965
22377
22580
22165
22237
22442
22062
32860
22374
22699
22068
22773
22500
22262
21968
23639
22014
22260
22151
22340
22081
23347
22050
22216
22421
21716
22332
22257
21982
22704
22462
22293
22237
22115
21930
22128
22112
22068
22455
22934
22081
22338
21912
21870
22240
22103
22141
22372
22421
21928
22252
22571
22222
23031
32613
30309
22447
22293
33536
30099
31328
31825
22331
22104
22041
22052
21937
26055
22561
27886
24671
22199
23922
25842
29399
23137
22851
22074
33199
22984
22257
22027
22346
22135
22331
22415
22318
22511
22148
21741
22179
22381
22272
22261
22133
22441
22635
22270
22355
22453
22108
22602
22345
