18419
18857
17952
19035
17983
18319
18407
18384
18617
17856
18469
18500
18483
18493
18518
18318
18317
19157
18534
18453
19080
21655
18422
18472
18527
18366
18459
17968
19187
17848
17999
18214
19048
18218
18382
17905
18128
18141
18653
18430
18448
18074
17977
18428
18601
17906
18525
18136
17843
17901
18248
18147
18008
18168
18396
18268
18377
18312
17869
18191
18295
18024
18392
17898
18359
18461
18561
18188
18533
18044
18424
18506
18594
18323
18527
17801
18369
18447
18680
17912
18231
17985
18451
18377
18175
19239
18234
18476
18533
18351
17934
18589
18693
17963
18433
18127
18098
18667
18364
18243
18010
18301
17970
18185
18553
18162
18448
18464
18409
18755
18360
18112
18942
17984
18489
18250
18487
18399
18489
18045
18384
18161
18103
18305
18854
18534
18075
17926
18512
18396
18150
18452
17953
18170
18298
18736
18728
17901
18371
18268
18448
18460
18545
20637
18140
18485
17866
18274
18125
17811
