15081
14856
14999
14472
14689
14874
14926
14888
14391
14984
14934
14757
14935
14802
14988
15257
15102
14719
15655
14449
21189
20463
20035
15172
14525
15756
14478
14639
15265
14735
15054
15083
14804
14875
14938
14729
14685
14398
14345
14387
14807
15124
14869
14990
18497
14938
14811
14558
14444
14562
14491
14765
14667
15011
15030
14879
14636
14613
14480
14562
15133
15227
15199
14883
14548
14692
14749
19919
14750
14843
14632
14723
14636
14936
14630
14300
14928
14672
14518
14754
14308
14772
14630
15357
14502
14977
14437
14788
14896
14945
14690
14352
14793
14954
14617
14949
14365
15037
14987
14857
15085
14610
14518
14813
14864
14660
14711
14481
14943
14992
14615
14985
14365
15440
14898
14451
14664
14725
14279
14814
14771
14746
14930
14485
14592
14545
15363
15124
14782
14949
14905
14930
14408
14598
15099
14606
14664
15014
14720
14711
14880
14887
14816
14955
14403
19991
14934
14840
15041
14678
