16577
16166
17044
17408
16563
16189
16247
16074
16741
16572
16572
16549
16770
16314
16741
17014
16670
16204
18025
16539
16768
16159
16708
16799
16233
17169
16364
16442
16695
16428
16876
17081
16949
16270
16577
16736
16427
16657
16745
17007
16317
16409
16717
16833
17700
16405
16813
16696
16595
16568
16247
16777
16556
16474
16829
16033
16087
16645
16402
16697
16603
16332
16202
16493
16674
16190
16355
16814
16376
16596
16497
16088
16807
16842
17010
16582
16455
17052
16532
16875
16109
16820
16202
16316
16521
16638
16589
16301
16709
22360
16611
16509
16223
16278
16333
16544
16337
16102
19555
16227
16681
16796
15942
16386
16211
16367
16894
16271
16153
16164
29256
22415
16108
17226
16571
16454
16970
16145
16462
16695
16452
16668
16552
16337
16748
16468
16957
16922
17166
16543
16299
16461
16376
16922
16600
16676
16270
16291
16767
16314
17297
16724
16154
16479
17288
16285
16681
16011
16248
16636
