39627
26633
26193
26411
26500
26400
26145
26282
26613
27591
37645
41787
42377
27881
39196
26282
39869
26913
35138
26664
36698
26380
39079
26246
37098
26460
26300
26830
26999
26781
41678
36364
36144
39003
26726
27197
26865
42318
38820
42413
37301
26548
26535
40133
50409
39937
40148
39951
39199
40948
26454
26309
26724
26400
26265
26553
27745
26886
26447
26189
26167
26615
26914
26190
26249
26224
35842
37343
40206
36859
40005
27148
39073
39492
26397
39570
40417
38490
38320
38248
38508
37696
36544
41786
35887
37783
38477
35658
38425
32970
27243
26403
38023
38426
37910
26246
37173
43453
38368
27370
28657
40738
37167
39389
37733
41063
36814
37413
26062
25989
26424
26173
35333
40502
26801
41880
35469
36475
26420
26153
26530
26399
37548
28075
25985
26551
26163
26621
26370
26287
26207
26105
26190
26432
26289
26593
27781
26509
26145
26398
28553
26508
26933
26344
26127
26674
26202
27151
26519
26462
