19838
17835
16541
18295
18487
17424
16265
19192
16980
15703
13549
13203
18378
19356
16806
17370
13889
18914
13285
13013
13479
12896
13395
12894
12538
17868
12957
13418
13236
12736
12983
12771
17373
17235
17948
18447
13528
13958
12584
12659
12859
12570
12559
13333
12817
13016
18646
17584
19509
12868
13899
12699
12931
12783
12974
13518
17392
13216
13221
12893
12860
13156
13490
13026
13160
12956
13437
16355
13392
12952
12987
12935
13361
13345
12867
74489
13558
12912
12688
12771
12943
12946
13187
12737
18650
18359
12884
13139
12763
13250
13154
12853
13380
12807
13238
13886
12639
12900
13147
13117
13376
12991
13234
12733
13327
13114
13332
13144
13306
13207
12765
13100
12686
12854
12577
13291
12758
13250
12715
13330
13085
12979
13081
13327
12834
13142
13237
12950
13055
13137
13230
13058
12856
12975
12693
13144
13417
12956
13006
12884
12726
12983
13385
13196
12647
12659
13310
13214
13239
12879
