27540
27452
27861
27153
27345
27060
27067
27000
27364
26755
26872
27940
27128
27101
27050
28660
27662
27499
27271
29467
27243
27999
27113
27392
27530
27061
29022
27210
26719
27643
26753
28179
30719
28194
38001
27333
27202
27230
27231
29374
26905
26910
28492
27506
26965
27071
26798
27593
27567
27033
28030
27028
27378
27876
27106
26723
27419
27102
27261
27528
27631
26920
27217
27447
27256
27186
27416
27072
27184
27347
28350
26917
26946
26993
26993
27441
27165
38039
28250
27488
27587
28373
27063
27191
28075
27220
27556
27353
27416
27342
27668
27386
27044
28499
27342
27257
27213
27393
27419
27273
27200
26974
27330
27922
27473
27525
28886
28765
27236
27145
27481
27759
28713
26798
27503
27211
26764
26916
27509
27408
27151
27545
28505
26861
37280
28950
26911
26789
27099
26940
27332
27142
26788
26971
27392
27020
26993
26968
46230
26958
35478
38197
38977
40719
38406
38306
38065
38105
38120
38557
