24336
23934
23716
24247
34321
24647
24397
23769
24923
23877
23653
23615
23504
24059
23528
24101
24841
23704
24394
24694
24992
23908
24094
24329
23682
24790
32877
24873
24044
25524
24092
24124
24390
23694
23839
23784
23328
23818
23588
23701
35311
23404
25200
23656
23358
24263
24378
23693
23767
23774
23489
24084
23830
31727
24142
25064
23738
23910
24155
24132
23914
24250
24927
23874
23724
24096
25006
23639
23873
23947
24496
23953
33139
23794
24157
23791
23746
23798
23526
23973
23608
23808
23900
24369
23822
24293
23977
23376
24004
23908
32452
32876
23868
25755
24042
29583
39041
24142
23994
24990
23976
23807
24120
24113
23953
23883
23519
23804
24071
23903
34881
24191
25229
25819
24291
24198
23463
23754
24439
24449
23441
24237
23985
31943
24802
24128
23559
23626
24627
23904
24011
23956
24000
23857
23916
23994
23415
23815
23741
25422
23840
23584
23943
23876
23785
23949
24185
24302
23854
23885
