943485
940201
947506
940512
1032330
940471
1064799
1117788
1183345
940193
1256842
1136625
1011135
1189801
1183202
943296
977228
1120339
1094551
941062
1182644
1029777
1131118
947024
1122502
941531
1012114
1179406
942844
940097
971579
987872
942410
1118972
939901
1114464
1091505
1177681
940704
1081783
1120421
1005758
940533
1316784
995509
1184119
940850
1162593
1118009
1132162
946717
939915
941415
940492
1147355
940152
970924
1143688
1168442
940578
966213
968825
1432151
951206
1223098
940238
1061343
952552
943178
952518
1094661
943208
940849
944730
961242
978642
940840
963010
1124887
994652
951785
1117000
943730
960585
995043
940447
962231
941041
1172390
1225058
1227338
940775
1173149
940880
1163399
1408427
1439651
1412540
1415713
952987
