83048
79253
79364
95308
97897
95449
79135
95311
97455
96502
98285
102331
110863
98223
79187
98032
95004
95223
94992
95124
95477
111836
115340
82262
95386
99629
95522
97898
79096
95323
95496
95107
95110
95027
94875
79364
82308
95263
95143
95255
95137
95225
79253
95741
95087
82146
102427
94985
95357
95300
97504
109545
95938
131709
114584
95331
126148
79220
95079
94994
96597
95257
95390
79148
95253
106767
95018
95152
79302
81886
98168
79306
95372
115252
79429
95180
95074
98161
79899
80999
98067
95276
95225
95241
109409
98403
95430
79087
95469
98068
95257
95286
92005
98873
94944
79070
79260
80259
95208
95086
