327125
372344
310213
312696
374630
370703
383879
465977
419525
445242
461738
354394
313353
372649
372846
382530
313427
377926
370591
371856
466125
406996
438805
370999
310337
313091
383832
312668
312978
370835
382734
313263
312786
313762
452855
404644
374358
313291
386077
453677
312645
373000
373113
312579
372306
371284
437896
415784
383289
315511
373486
371897
372366
379185
392092
375672
370141
310296
421416
462008
372801
313460
313649
372654
313202
385038
374146
372532
320029
372425
368527
313912
329077
393956
413686
311217
383108
316190
377954
375658
312527
312840
372072
443669
372565
486936
421456
438816
374412
377870
380483
374357
372943
312708
479087
313154
374240
313177
408315
430187
