1800870
1547747
1890914
2141357
2131868
1835046
2100044
2075973
1551500
2404771
1555298
1976676
1885575
1567123
1654779
2340725
1877728
2348018
2404541
1605165
1712021
1954901
1885602
1948860
1855218
1546931
1614994
1546289
2029871
1966983
1823720
1601965
1548134
1665541
1768619
1847558
1990751
1558011
1850726
1672312
1551158
1940467
1874943
1582845
1818096
1652626
1608880
2168198
1627621
1661800
1552880
1864650
1670053
1835086
2022150
1648504
1973354
1549379
1709436
1668342
2030310
1951879
1675708
1549329
1564926
1599615
1906018
1609965
1549977
2115231
1593374
2017033
2109478
1576814
2005840
2309330
1848749
1985425
1844004
1818757
1654587
1929945
1749679
1894067
1965562
1694039
1899070
1546601
2284349
2340538
1893405
2087272
1589863
1599084
2160748
2021713
1697814
1551343
1799007
1550515
