93583
78063
86288
85491
58777
60038
78007
80293
83412
84656
104480
74835
103742
65508
57176
58031
45235
43929
43493
43049
32115
32666
34989
32343
33517
34287
34646
34523
31830
32299
35673
30624
30747
34894
30081
29453
33311
30957
29047
31235
30533
36601
21188
34750
33679
28110
53696
35683
35463
33875
31265
29260
28306
33960
34718
32605
25615
25660
35986
21130
28775
30514
21225
25943
34695
21257
25764
30591
28087
31936
27082
37204
25771
21091
25784
31581
31374
34714
29781
30215
36514
25740
25820
29964
25833
25830
21063
32567
25872
25768
25695
25824
25883
26605
25798
25635
27219
25680
25914
26652
