215587
295258
211710
212201
267612
211999
216477
211624
177526
211844
228515
177562
180438
211969
225286
212246
212289
211820
177556
216271
214386
211548
211575
178794
177665
212911
212768
211981
212495
177419
244429
213161
213123
213218
177501
211464
177446
212536
177576
247307
211713
219246
179734
212133
211709
211779
232584
220800
213660
178397
211880
213489
241374
268844
214011
211777
177450
247084
268728
267198
249464
262402
219424
212032
217905
212204
211832
213284
212087
221883
241842
240163
243837
251536
225245
227691
247340
265348
266568
243352
231802
224498
251690
257562
212204
218253
263325
177539
267468
212312
269817
266453
266406
269540
214376
271875
261891
213857
215077
238661
