509864
671488
586330
707001
581973
494799
485826
606417
600769
488912
601752
578287
673400
638287
586532
589392
482845
671778
606033
594464
482787
593976
555670
762700
675982
587687
584870
704232
648931
576006
589298
667631
488626
589056
689229
691220
627472
655447
576302
627767
483641
552703
638844
579413
506159
482938
586277
545059
485459
577342
572764
482826
577443
484054
514894
583179
485478
485700
485311
485535
578894
574047
485545
607930
575611
579768
593582
587162
485279
576510
485340
485096
614783
485818
490833
489079
575943
485289
633933
609357
486679
579437
578989
482507
537365
486596
614982
542652
486671
599471
525748
602973
483062
485768
588368
578147
598769
482560
577698
485587
