828867
694597
785635
826006
834331
918945
979305
827924
695716
695362
1019404
726251
693546
721625
829502
858374
693553
831832
714213
737938
692900
693971
695312
857592
843956
693862
741564
695280
692823
832505
738174
710713
693556
692443
740473
820371
1025380
697683
816114
693253
695071
718815
798307
829418
693166
836141
757730
696034
839451
694407
826477
971427
894669
694348
699645
956252
857220
835120
826051
693020
781518
695669
692629
693903
699573
811912
854874
858846
698089
699624
695834
748118
693331
692597
693529
749095
818716
1005510
885596
823039
693314
836210
747310
696234
695272
697911
693030
905421
940307
836448
710006
844532
696251
692687
826905
845700
699317
769338
827170
842433
