1675779
1316205
1226044
1551136
1294339
1598338
1666402
1607389
1272059
1226417
1225220
1246824
1641811
1308986
1230296
1226463
1786121
1438759
1495030
1227191
1409022
1232029
1252239
1374464
1484345
1240367
1224361
1305819
1543203
1550735
1513626
1453132
1608897
1327889
1288229
1596406
1235686
1228646
1583647
1889581
1225273
1725811
2187644
1225108
1311669
1658229
1237341
1299801
2034509
1931009
1947723
1225452
1225576
1654563
1924879
1475262
1741090
1539487
1237136
1441294
1539236
1225903
1225331
1225312
1227220
1225123
1224668
1225516
1225869
1473181
1458281
1225922
1662050
1486577
1493351
1529687
1231909
1225730
1471828
1350535
1472725
1227705
1391164
1582291
1506662
1223023
1255169
1230856
1227918
1224645
1244410
1659841
1501267
1259869
1284633
1320494
1277862
1335182
1555163
1482747
