2852
4248
2966
2928
2897
2828
2959
2941
2918
2930
2994
4910
5036
3072
2988
3024
2961
2971
2943
2950
2899
2954
2950
2980
2949
2978
2953
2956
2984
2934
2913
4328
2980
2983
2950
2881
2973
2990
2978
3006
2844
2925
2940
2955
3002
4567
2926
3790
4200
3964
2946
2935
2942
2922
4254
2982
3600
4061
2871
2958
2971
4104
2962
2894
4168
4020
4141
2956
3056
2978
3861
2875
2943
3009
2922
4087
2961
2913
2973
2900
2970
2868
2839
4068
2938
2981
2935
2927
2924
3022
3045
2951
2884
2915
2921
2885
2932
3033
2967
2875
