2127
3161
3069
3481
2176
2193
2201
2178
3431
2208
2152
2140
2158
2170
2065
2123
2817
2952
2096
2877
2163
2977
2189
2188
2285
2198
2124
2817
2182
2169
2146
2136
2159
2094
2986
3451
3068
3290
2899
2914
3167
2158
2850
2080
2137
2119
2129
2174
3653
2155
2807
2932
3550
2981
2133
2161
2104
2173
2100
2078
2077
2090
2161
2044
2130
2117
2080
2145
2087
3034
3038
2927
3165
3438
3048
3469
2995
3119
2949
3031
3163
3181
3193
2939
2908
3033
2901
3052
3290
2193
2071
2184
2150
2327
2187
2144
2085
2219
3363
2880
