1432
1790
1343
1333
1316
1325
1408
1375
1351
1353
1285
1370
1327
1358
1301
1390
1309
1831
1292
1895
1871
1926
1852
1391
1293
1363
1860
1360
1373
1368
1309
1899
1959
1932
1320
1993
1326
2032
1368
1337
1351
1323
1346
1410
1297
1282
1303
1389
1270
1377
1381
1303
1350
1331
1308
1345
1345
1833
1881
1978
1293
1360
1380
1354
1313
1291
1344
1389
1359
1356
1298
1373
1360
1383
1295
1330
1294
1357
1344
1310
1350
1354
1370
1696
1301
1881
1330
1977
1391
1328
1345
1331
1353
1394
1344
2216
1347
1290
1364
1360
