3800
5165
3715
3758
3759
3760
3686
3724
4981
5766
3759
3691
3637
3747
3725
3732
5223
3797
3718
3636
3640
3794
3761
3751
3787
3771
3730
3678
3734
5229
3741
3788
3797
3777
3739
3642
5003
5195
5139
4886
5089
5101
3619
3757
3771
3740
3695
3758
3737
3768
3713
3809
5220
5060
3779
3748
3829
3726
3743
5387
5247
6105
5200
3762
3719
3761
6036
6252
3761
6395
4936
3697
3756
3759
5463
3779
3774
3805
5232
3857
3751
3714
5008
3691
3762
3797
3795
3779
3758
3766
3762
3749
3731
5077
5156
5514
6203
5414
3745
3784
