2203
2565
2606
2245
2354
1750
2390
2340
2285
2403
1792
1722
1748
1700
2598
2662
2536
1797
2584
2278
2445
2440
2479
2609
2527
2572
2521
2504
1776
2557
2920
2482
11616
2484
2442
2508
2486
2447
2504
2616
2423
2318
2290
2413
2159
2615
2487
2516
2399
2340
2387
2428
2461
2352
2487
2481
1784
1747
1759
2516
1784
1700
2311
1801
1746
1771
2529
2393
1741
2427
1701
1692
1749
1701
2381
2964
2466
1740
2520
2352
2397
1758
2402
1669
1783
2404
2715
1772
1721
2406
1698
1756
1788
1758
2626
2481
2376
1688
2334
1702
