2536
2530
3497
2549
2482
2565
2549
2462
2569
2603
2509
2573
3232
3601
3597
2590
3710
3369
4388
4897
4797
3536
3527
3400
3730
3766
3749
3453
2549
2527
2587
2529
2579
2519
3534
3391
3698
3428
3690
3670
2580
3764
2574
2564
2471
3232
3500
3542
2490
2570
3408
2595
2538
2566
2584
2481
2475
2542
2505
2466
2545
2590
2458
2485
2592
2573
3352
2740
2484
2562
2624
2570
2459
2566
2539
2502
2485
2565
3329
2605
2470
2596
2530
2621
2525
2552
2540
4400
2558
2573
2557
2584
2612
2617
2495
2581
2541
2558
2519
2553
