3266
3364
3356
5024
3324
4422
3365
3358
4361
3317
4570
4697
4724
3266
3334
3342
3403
3372
3362
3258
3323
3408
3315
3389
4834
3309
3250
3372
4682
4986
4672
4295
3364
3300
3357
3246
3264
3360
3380
3404
3372
3316
3271
3381
3305
3266
3226
4586
3742
4677
4374
4297
3360
3258
3384
3413
3291
3324
3380
4990
3302
4552
3384
3368
4460
3380
3257
3327
3373
3373
3370
3336
3356
3363
3383
3375
3327
3326
3864
3340
3389
3362
4628
3357
3323
3294
3374
3276
3301
3290
3364
5581
3377
4577
3357
3313
3312
3334
3343
3309
