120879
119154
118802
143008
143795
143329
120800
117882
119940
120510
119898
142037
143001
121870
135434
131763
119708
161823
142525
120828
119978
119447
151935
120980
150993
142653
160382
155883
176697
268103
175927
143490
149944
120840
142864
142922
120742
120055
119637
120075
120246
124074
119458
118627
120018
119603
118935
119538
120833
120729
119663
151244
157264
142512
151179
129003
200944
143577
142290
120984
142344
121953
119938
120918
120228
143076
118098
142224
142844
142554
195687
184217
172954
143146
151412
143105
142832
155518
143532
118796
120633
121126
121515
142278
186800
120881
120305
119540
119757
140916
163833
120702
121344
143400
143055
144162
144102
118935
142471
119997
