63276
85764
76601
76885
84183
76753
76274
76166
63409
135476
63807
63161
63323
63327
76559
64656
76637
76608
75181
64405
63669
76444
76177
77354
64162
63937
63294
62236
63645
63996
84966
77079
78472
63690
80077
85281
305167
86482
82232
76517
78111
76252
80436
83017
76008
76220
75774
96110
76083
75775
63659
84574
82543
75986
76442
76637
76666
83338
76860
76024
76490
76448
76448
76800
76557
64479
76134
62944
63705
63592
76884
76293
75440
63286
65093
63133
64607
63958
63176
75850
62761
88324
80195
83281
77185
82124
64742
76376
76399
63460
76731
66453
76201
76157
64166
64165
76403
76348
83759
79583
