46154
38533
49677
37936
46244
51033
38651
38239
38904
39357
51544
49160
53926
47626
46509
52904
46840
46369
38133
45744
42779
46070
45996
62282
46151
46480
38489
46376
38274
38572
46647
38548
38557
45696
38429
47496
38373
38258
38662
38895
38835
38918
47073
38797
43964
46132
38479
38547
52492
38595
94076
38778
46477
45748
39086
46177
38734
46571
38100
43384
46789
45573
46179
46037
38447
45955
38849
37498
38609
38113
38252
46298
45818
38368
38679
38738
38370
38791
38508
38517
38477
45842
51485
38341
39170
47000
45641
46395
46225
42551
37710
45957
49076
46236
40950
38762
46002
46361
45617
46227
