110104
158722
120151
90990
114672
109654
91503
110311
110019
111025
126875
145720
111845
115365
137819
113521
109468
109887
91526
110555
109820
109882
123712
112112
144754
142611
127162
140243
119670
137928
129865
121058
109952
112314
160234
128541
110714
108316
109513
109334
120388
91974
112440
113752
109958
110161
123183
126866
129489
110277
109921
91125
109253
91202
90376
114257
109753
110029
92097
117451
91405
89515
113603
113384
113898
109068
136433
109540
110444
117383
112026
131648
122770
134441
135961
137416
134494
123756
124551
123679
121247
122338
109465
108412
91381
91293
109759
108463
116326
110934
115067
112017
110444
109807
110122
142500
109290
110540
109384
109981
