61463
61964
65379
59647
76666
50867
57815
61407
61390
61470
74309
62405
72553
61359
67701
62543
60992
51248
61508
60915
61683
61612
51520
61327
61157
61611
61975
60862
61294
61260
61784
52179
51901
56105
62030
65522
61421
61520
61514
51722
51735
70739
61596
61616
60871
51504
51923
51622
53033
61212
60976
51838
50900
50411
50989
52097
69814
61761
61474
51623
61998
51061
50110
50698
61788
61473
51439
62245
51543
52123
61297
61206
61330
61113
70137
61469
51605
61939
61999
61376
61289
61257
61198
59147
50992
50802
66598
61748
61935
69934
61914
61077
61896
61172
61600
85378
61330
50898
51148
61660
