32724
28894
29375
23741
25031
29183
28902
28938
29033
29299
29278
23644
23983
31423
24191
29055
29020
29152
24408
29178
29355
28925
30381
30435
28993
27645
24805
23894
24274
23250
23756
24022
25159
24052
24119
23859
23824
27175
29379
29133
28505
34119
23647
24127
29374
29206
29103
29163
24538
28831
28543
31576
23461
24642
29118
29652
30817
23660
29748
23938
23810
24151
29119
29542
23812
28520
24250
24390
24048
23702
23809
29079
28874
28944
28960
31860
30400
29293
38964
24345
29110
30331
29046
35046
33317
33633
32926
29073
28346
28924
28926
24154
34292
27981
34728
29296
28990
29094
29130
28489
