106508
106071
108241
135102
126699
105825
106221
106248
128926
126962
117905
108192
109368
110317
105351
106904
135472
106159
127104
108168
105710
106458
107035
161563
106555
106371
105995
105617
106852
114993
129120
142582
126526
127214
127961
105485
129027
131593
137550
127159
126704
127816
128627
107390
107005
126838
139008
129351
127083
109540
107398
106264
107003
128099
128450
134502
130437
130923
141751
107263
136762
130539
129841
130697
127563
107704
150810
106966
105283
126517
122740
131433
127622
127132
107212
107817
106729
107978
107276
107133
127176
115789
127311
128665
128070
126488
177028
107132
126937
108272
127400
127165
107203
107494
108002
107763
106829
109275
108717
191361
