49406
73458
61787
50658
67616
67072
109191
62335
69210
78604
68881
63614
69908
78815
63824
69548
62370
66903
65703
57959
42747
39800
47650
42728
46593
32292
33802
31320
71468
29616
31746
100381
26284
24335
26482
23926
25857
19562
19822
19801
19511
22521
21727
20403
19567
19891
23200
20420
28610
17981
17380
14479
16960
13789
17263
17021
17074
17497
19139
17279
17476
21567
14360
16039
15350
14986
14859
15065
12470
11930
12260
12576
12404
15041
15322
14931
12485
26439
11830
13817
11776
14226
13368
17338
14320
36745
13992
15755
14268
14372
13708
14204
14530
11410
12017
15529
14417
14021
14207
14229
