94789
79326
79918
79696
79967
79119
79448
78685
78324
78433
79106
78783
80091
93885
78920
94694
79797
78278
78679
79865
94787
81804
79466
79453
77418
110097
94545
95979
79459
94058
107766
93254
94439
94802
94132
94819
94531
78484
80561
80155
93316
90838
80341
78706
79532
79483
78883
94681
78477
78219
79019
94896
94501
93915
95193
94306
105522
110358
96063
94754
93942
112953
105263
79316
79496
80210
78518
78868
77929
80650
78652
80326
78326
77970
79978
78069
79691
78284
78598
78090
79218
78370
78242
79609
78859
146193
95080
95046
96638
94861
101426
119162
96292
94491
79398
80097
94817
94849
79575
80085
