30953
29955
29466
31416
30841
27415
34184
27601
40501
29368
30000
28732
30690
31106
31867
31891
32046
31910
32229
31845
31547
27426
26855
31618
31788
30006
29897
28387
26681
26909
27616
28908
27238
31058
26838
34077
31398
27243
27373
30298
28400
27969
30404
28119
30107
31576
30278
31648
36255
29293
31687
27393
27744
30023
30071
31208
31734
31878
31701
28407
27824
29895
29650
32597
27401
29735
30173
29490
25977
28768
31758
29690
28014
29527
29384
31888
29409
31615
28102
29753
29054
34542
29182
32134
29275
28621
27709
30818
30051
32158
30751
28975
29753
31655
30186
29529
31286
30266
30566
28596
