1120783
1096482
1095098
1099899
1100023
1076853
1179136
1326742
1239691
1031397
1120907
1129258
1053277
1047310
1262794
1104433
1062200
1066759
1180993
1045072
1054958
982078
1051790
1024333
1028523
1090536
1037095
946322
1061149
1003416
1129071
1201899
1018834
1208641
1078769
1045445
1051389
1076755
1066169
979158
1016569
1010325
1566897
1059802
1000489
1159976
975043
990289
1092877
1020719
1037927
1030704
1042010
1024751
1092612
975712
991098
1051750
1119945
1133703
1076700
1049429
1034767
1037255
1096610
1007578
1066816
1076594
1082691
1041168
1054320
1061079
1101877
1152763
1150620
1145387
1134946
1123852
1104342
1120458
1061254
1050534
1042271
1032005
1093535
1052009
1146593
1065685
1112827
1104392
1058742
1013960
1111410
1002724
1076740
1101994
1082981
921115
979018
1085906
