264671
239983
275747
274707
260424
263199
272221
267110
273825
258350
261347
267883
261308
264474
281141
262433
275146
371810
267398
276106
261994
274362
477525
276158
258405
260386
270678
260650
245630
240040
259569
278769
289030
259980
277198
373596
256157
268863
241285
236352
250790
270848
261238
362764
273825
253807
253394
247605
272116
232329
268696
261894
257419
242920
242388
252460
247738
256382
259692
251797
399867
247401
271608
242068
280310
278553
317408
491840
238586
252564
246975
249863
246447
272495
274279
453161
231811
287474
269111
311831
245874
288509
274867
262424
264732
258478
265673
247169
241650
270123
246674
257411
310356
250613
265778
257000
251768
262148
338000
272563
