1601195
1426701
1338982
1621752
1496777
1484544
1486445
1450234
1239328
940627
1452331
937880
1409723
1425439
1371220
1658675
1465074
1404769
1441014
1395870
1429671
1493093
1475792
1432514
1396482
1425065
1518225
1387795
1442616
1452798
1480559
1521023
1443497
1462232
1421275
1353923
1486999
1463759
1400909
1367856
1464792
1483475
1314314
1364547
1416981
1452016
1421542
1485080
1382091
1272674
1411978
1379652
1431035
1405663
1498085
1360581
1610813
1539486
1740250
1340454
1443016
1444670
1390120
1423823
1348951
1375635
1425316
1404988
1406078
1374501
1430558
1479026
1553187
1487047
1522974
1375761
1418193
1473651
1414901
1497009
1576670
1506237
1429895
1435248
1502867
1432525
1434487
1428347
1435468
1572420
1552975
1557511
1500074
1526400
1511408
1507400
1504903
1585847
1455098
4643295
