680353
705250
692153
697682
698260
698335
678071
734996
664687
649391
736093
696432
682443
680150
600192
698234
605088
704720
683013
760387
688565
705244
689344
704249
694179
662108
694294
825953
859338
496278
674111
758441
756347
700943
697011
687765
692872
705542
706270
697174
704874
701682
718563
701029
754368
930502
707985
736002
751953
743969
624781
746612
714319
702483
833535
704149
691814
705154
700682
698848
732545
732097
673745
740653
654456
688255
703719
645601
700246
705704
698142
687630
712981
691712
705113
697763
774335
729963
696083
675413
647767
645679
621251
693856
656076
702651
702812
691202
671376
696511
632604
714346
444478
702186
701670
684110
705152
683707
697036
699835
