120382
122188
123649
123235
124438
132571
123820
125195
123497
122065
121918
123950
124414
123616
115020
110847
122672
115873
122251
124664
103615
98650
124641
214375
80098
79556
103258
103281
130570
129417
105545
115189
106084
119359
122478
114188
122218
109827
113373
114578
129083
112208
121749
113472
115135
111641
118098
121120
118090
116953
116563
120266
122852
106131
107292
113225
114574
124243
122125
117591
111005
145447
111141
115270
110228
114296
123284
113563
124827
115112
115122
121528
120643
135970
111538
124852
110747
128005
119507
122006
134957
123962
117363
116550
115791
123385
118643
122599
114447
122084
116909
118876
124665
124552
115484
138367
117106
119822
111657
120687
