1893470
1820575
1914666
1847110
2116248
1850299
1801709
1898375
1744599
1875371
1546403
1223597
1884335
1934297
1854149
1958212
1760384
1222822
1928562
1967160
2045126
1857879
1484435
1452020
1211029
1788221
2002695
1813411
1290949
1268028
1565001
1827284
1897804
2223373
2087759
2052101
1917348
1862056
1714909
1461624
1248561
1319787
2276470
1815249
1943874
1701243
1333661
1867254
1882299
1896435
1933930
1217301
1899519
1853908
1861562
1882620
1780180
1678252
1890752
1897914
1877987
1869298
1858109
1831291
1841610
1784520
1835045
1846216
1867714
1938703
1939086
1848058
1878235
1810525
1956301
1854254
1888348
1823087
1936590
1909524
1881785
1969320
1861589
1863729
1814821
2200561
2384223
1816517
1827472
1835378
1813565
2080702
1814722
1921420
2401733
1876073
1871873
1788326
1789522
1915133
