2407201
2404280
2464008
2194075
2995769
2524228
2415829
2423976
2398235
2512871
2353989
3198068
2349226
2440497
2406518
2351553
2384442
2505204
2324499
2336996
2390701
2429393
2329418
5404700
2375828
2337942
2230045
2284135
2383722
2226104
2179552
2190628
2295314
2418273
2223395
2374645
2458501
2385922
2262460
2322324
2365796
2251669
2378236
2509860
2608068
2467366
2576465
2418153
2469394
2483106
3024865
2323057
1641626
2422199
2536289
2358007
2496130
2424171
2433871
3175368
2313236
2456244
2526504
2537968
2363800
2334658
2290995
2297095
2395718
2316840
2305440
2359027
2231162
2290013
2336703
2458028
2286577
2295984
2404320
2288962
2351562
2363623
2418103
2265250
2242661
2274209
2401338
2371571
2364913
2269299
2357461
2400210
2423071
2338511
2323477
2464137
2435711
2435992
2410512
2480200
