450461
466230
428553
411647
411578
397926
430756
458166
453122
412057
487436
433261
453375
437667
494678
438883
429490
453271
455554
469320
424118
464301
466068
443501
409623
455237
462363
405469
439556
413919
433911
486110
421512
425270
453224
450250
472728
433969
425648
424084
403209
401668
425816
426008
430760
413233
410346
423778
425851
403279
434293
423627
466539
437065
421037
449352
413725
416126
413757
424623
436864
416824
451889
423023
420684
465499
465446
428339
451499
448535
444352
496023
516503
433276
447207
442315
416406
458371
419137
423046
443733
437674
402972
449347
427952
464238
453434
441988
420300
457102
461464
460715
455665
459273
457736
628381
469933
439245
428958
470226
